soybean
             27.0       1.0       1    45.0          1.0         1.0       1   bu/ac
              13.0   148.7       1     0.8         0.65         0.8     1.5    0.05
              1.5240185      10.0    25.0       0          100      1200.0    -5.0   -15.0
             0.01      0.95     0.0    25.0        0.023      0.8063  0.4146  -0.061
           -0.024    0.9911  0.6435  0.0494       0.4146      -0.061    2.83     1.0
             26.0      0.05       0     0.5   111.111115  111.111115     1.5   0.015
              0.0       0.0     0.0       1         0.03        0.03    0.03    0.03
              0.2      0.01    20.0     5.227942     -1.20379    0.604887    1.34   0.0313838
              0.0       0.0     0.0     0.0
