1	1	1	1.00
2	1	1	1.00
3	1	1	1.00
4	1	1	1.00
5	1	1	1.00
6	1	1	1.00
7	1	1	1.00
8	1	1	1.00
9	1	1	1.00
10	1	1	1.00
11	1	1	1.00
12	1	1	1.00
13	1	1	1.00
14	1	1	1.00
15	1	1	1.00
16	1	1	1.00
17	1	1	1.00
18	1	1	1.00
19	1	1	1.00
20	1	1	1.00
21	1	1	1.00
22	1	1	1.00
23	1	1	1.00
24	1	1	1.00
25	1	1	1.00
26	1	1	1.00
27	1	1	1.00
28	1	1	1.00
29	1	1	1.00
30	1	1	1.00
31	1	1	1.00
1	2	1	1.00
2	2	1	1.00
3	2	1	1.00
4	2	1	1.00
5	2	1	1.00
6	2	1	1.00
7	2	1	1.00
8	2	1	1.00
9	2	1	1.00
10	2	1	1.00
11	2	1	1.00
12	2	1	1.00
13	2	1	1.00
14	2	1	1.00
15	2	1	1.00
16	2	1	1.00
17	2	1	1.00
18	2	1	1.00
19	2	1	1.00
20	2	1	1.00
21	2	1	1.00
22	2	1	1.00
23	2	1	1.00
24	2	1	1.00
25	2	1	1.00
26	2	1	1.00
27	2	1	1.00
28	2	1	1.00
1	3	1	1.00
2	3	1	1.00
3	3	1	1.00
4	3	1	1.00
5	3	1	1.00
6	3	1	1.00
7	3	1	1.00
8	3	1	1.00
9	3	1	1.00
10	3	1	1.00
11	3	1	1.00
12	3	1	1.00
13	3	1	1.00
14	3	1	1.00
15	3	1	1.00
16	3	1	1.00
17	3	1	1.00
18	3	1	1.00
19	3	1	1.00
20	3	1	1.00
21	3	1	1.00
22	3	1	1.00
23	3	1	1.00
24	3	1	1.00
25	3	1	1.00
26	3	1	1.00
27	3	1	1.00
28	3	1	1.00
29	3	1	1.00
30	3	1	1.00
31	3	1	1.00
1	4	1	1.00
2	4	1	1.00
3	4	1	1.00
4	4	1	1.00
5	4	1	1.00
6	4	1	1.00
7	4	1	1.00
8	4	1	1.00
9	4	1	1.00
10	4	1	1.00
11	4	1	1.00
12	4	1	1.00
13	4	1	1.00
14	4	1	1.00
15	4	1	1.00
16	4	1	1.00
17	4	1	1.00
18	4	1	1.00
19	4	1	1.00
20	4	1	1.00
21	4	1	1.00
22	4	1	1.00
23	4	1	1.00
24	4	1	1.00
25	4	1	1.00
26	4	1	1.00
27	4	1	1.00
28	4	1	1.00
29	4	1	1.00
30	4	1	1.00
1	5	1	1.00
2	5	1	1.00
3	5	1	1.00
4	5	1	1.00
5	5	1	1.00
6	5	1	1.00
7	5	1	1.00
8	5	1	1.00
9	5	1	1.00
10	5	1	1.00
11	5	1	1.00
12	5	1	1.00
13	5	1	1.00
14	5	1	1.00
15	5	1	1.00
16	5	1	1.00
17	5	1	1.00
18	5	1	1.00
19	5	1	1.00
20	5	1	1.00
21	5	1	1.00
22	5	1	1.00
23	5	1	1.00
24	5	1	1.00
25	5	1	1.00
26	5	1	1.00
27	5	1	1.00
28	5	1	1.00
29	5	1	1.00
30	5	1	1.00
31	5	1	1.00
1	6	1	1.00
2	6	1	1.00
3	6	1	1.00
4	6	1	1.00
5	6	1	1.00
6	6	1	1.00
7	6	1	1.00
8	6	1	1.00
9	6	1	1.00
10	6	1	1.00
11	6	1	1.00
12	6	1	1.00
13	6	1	1.00
14	6	1	1.00
15	6	1	1.00
16	6	1	1.00
17	6	1	1.00
18	6	1	1.00
19	6	1	1.00
20	6	1	1.00
21	6	1	1.00
22	6	1	1.00
23	6	1	1.00
24	6	1	1.00
25	6	1	1.00
26	6	1	1.00
27	6	1	1.00
28	6	1	1.00
29	6	1	1.00
30	6	1	1.00
1	7	1	1.00
2	7	1	1.00
3	7	1	1.00
4	7	1	1.00
5	7	1	1.00
6	7	1	1.00
7	7	1	1.00
8	7	1	1.00
9	7	1	1.00
10	7	1	1.00
11	7	1	1.00
12	7	1	1.00
13	7	1	1.00
14	7	1	1.00
15	7	1	1.00
16	7	1	1.00
17	7	1	1.00
18	7	1	1.00
19	7	1	1.00
20	7	1	1.00
21	7	1	1.00
22	7	1	1.00
23	7	1	1.00
24	7	1	1.00
25	7	1	1.00
26	7	1	1.00
27	7	1	1.00
28	7	1	1.00
29	7	1	1.00
30	7	1	1.00
31	7	1	1.00
1	8	1	1.00
2	8	1	1.00
3	8	1	1.00
4	8	1	1.00
5	8	1	1.00
6	8	1	1.00
7	8	1	1.00
8	8	1	1.00
9	8	1	1.00
10	8	1	1.00
11	8	1	1.00
12	8	1	1.00
13	8	1	1.00
14	8	1	1.00
15	8	1	1.00
16	8	1	1.00
17	8	1	1.00
18	8	1	1.00
19	8	1	1.00
20	8	1	1.00
21	8	1	1.00
22	8	1	1.00
23	8	1	1.00
24	8	1	1.00
25	8	1	1.00
26	8	1	1.00
27	8	1	1.00
28	8	1	1.00
29	8	1	1.00
30	8	1	1.00
31	8	1	1.00
1	9	1	1.00
2	9	1	1.00
3	9	1	1.00
4	9	1	1.00
5	9	1	1.00
6	9	1	1.00
7	9	1	1.00
8	9	1	1.00
9	9	1	1.00
10	9	1	1.00
11	9	1	1.00
12	9	1	1.00
13	9	1	1.00
14	9	1	1.00
15	9	1	1.00
16	9	1	1.00
17	9	1	1.00
18	9	1	1.00
19	9	1	1.00
20	9	1	1.00
21	9	1	1.00
22	9	1	1.00
23	9	1	1.00
24	9	1	1.00
25	9	1	1.00
26	9	1	1.00
27	9	1	1.00
28	9	1	1.00
29	9	1	1.00
30	9	1	1.00
1	10	1	1.00
2	10	1	1.00
3	10	1	1.00
4	10	1	1.00
5	10	1	1.00
6	10	1	1.00
7	10	1	1.00
8	10	1	1.00
9	10	1	1.00
10	10	1	1.00
11	10	1	1.00
12	10	1	1.00
13	10	1	1.00
14	10	1	1.00
15	10	1	1.00
16	10	1	1.00
17	10	1	1.00
18	10	1	1.00
19	10	1	1.00
20	10	1	1.00
21	10	1	1.00
22	10	1	1.00
23	10	1	1.00
24	10	1	1.00
25	10	1	1.00
26	10	1	1.00
27	10	1	1.00
28	10	1	1.00
29	10	1	1.00
30	10	1	1.00
31	10	1	1.00
1	11	1	1.00
2	11	1	1.00
3	11	1	1.00
4	11	1	1.00
5	11	1	1.00
6	11	1	1.00
7	11	1	1.00
8	11	1	1.00
9	11	1	1.00
10	11	1	1.00
11	11	1	1.00
12	11	1	1.00
13	11	1	1.00
14	11	1	1.00
15	11	1	1.00
16	11	1	1.00
17	11	1	1.00
18	11	1	1.00
19	11	1	1.00
20	11	1	1.00
21	11	1	1.00
22	11	1	1.00
23	11	1	1.00
24	11	1	1.00
25	11	1	1.00
26	11	1	1.00
27	11	1	1.00
28	11	1	1.00
29	11	1	1.00
30	11	1	1.00
1	12	1	1.00
2	12	1	1.00
3	12	1	1.00
4	12	1	1.00
5	12	1	1.00
6	12	1	1.00
7	12	1	1.00
8	12	1	1.00
9	12	1	1.00
10	12	1	1.00
11	12	1	1.00
12	12	1	1.00
13	12	1	1.00
14	12	1	1.00
15	12	1	1.00
16	12	1	1.00
17	12	1	1.00
18	12	1	1.00
19	12	1	1.00
20	12	1	1.00
21	12	1	1.00
22	12	1	1.00
23	12	1	1.00
24	12	1	1.00
25	12	1	1.00
26	12	1	1.00
27	12	1	1.00
28	12	1	1.00
29	12	1	1.00
30	12	1	1.00
31	12	1	1.00
1	1	2	1.00
2	1	2	1.00
3	1	2	1.00
4	1	2	1.00
5	1	2	1.00
6	1	2	1.00
7	1	2	1.00
8	1	2	1.00
9	1	2	1.00
10	1	2	1.00
11	1	2	1.00
12	1	2	1.00
13	1	2	1.00
14	1	2	1.00
15	1	2	1.00
16	1	2	1.00
17	1	2	1.00
18	1	2	1.00
19	1	2	1.00
20	1	2	1.00
21	1	2	1.00
22	1	2	1.00
23	1	2	1.00
24	1	2	1.00
25	1	2	1.00
26	1	2	1.00
27	1	2	1.00
28	1	2	1.00
29	1	2	1.00
30	1	2	1.00
31	1	2	1.00
1	2	2	1.00
2	2	2	1.00
3	2	2	1.00
4	2	2	1.00
5	2	2	1.00
6	2	2	1.00
7	2	2	1.00
8	2	2	1.00
9	2	2	1.00
10	2	2	1.00
11	2	2	1.00
12	2	2	1.00
13	2	2	1.00
14	2	2	1.00
15	2	2	1.00
16	2	2	1.00
17	2	2	1.00
18	2	2	1.00
19	2	2	1.00
20	2	2	1.00
21	2	2	1.00
22	2	2	1.00
23	2	2	1.00
24	2	2	1.00
25	2	2	1.00
26	2	2	1.00
27	2	2	1.00
28	2	2	1.00
1	3	2	1.00
2	3	2	1.00
3	3	2	1.00
4	3	2	1.00
5	3	2	1.00
6	3	2	1.00
7	3	2	1.00
8	3	2	1.00
9	3	2	1.00
10	3	2	1.00
11	3	2	1.00
12	3	2	1.00
13	3	2	1.00
14	3	2	1.00
15	3	2	1.00
16	3	2	1.00
17	3	2	1.00
18	3	2	1.00
19	3	2	1.00
20	3	2	1.00
21	3	2	1.00
22	3	2	1.00
23	3	2	1.00
24	3	2	1.00
25	3	2	1.00
26	3	2	1.00
27	3	2	1.00
28	3	2	1.00
29	3	2	1.00
30	3	2	1.00
31	3	2	1.00
1	4	2	1.00
2	4	2	1.00
3	4	2	1.00
4	4	2	1.00
5	4	2	1.00
6	4	2	1.00
7	4	2	1.00
8	4	2	1.00
9	4	2	1.00
10	4	2	1.00
11	4	2	1.00
12	4	2	1.00
13	4	2	1.00
14	4	2	1.00
15	4	2	1.00
16	4	2	1.00
17	4	2	1.00
18	4	2	1.00
19	4	2	1.00
20	4	2	1.00
21	4	2	1.00
22	4	2	1.00
23	4	2	1.00
24	4	2	1.00
25	4	2	1.00
26	4	2	1.00
27	4	2	1.00
28	4	2	1.00
29	4	2	1.00
30	4	2	1.00
1	5	2	1.00
2	5	2	1.00
3	5	2	1.00
4	5	2	1.00
5	5	2	1.00
6	5	2	1.00
7	5	2	1.00
8	5	2	1.00
9	5	2	1.00
10	5	2	1.00
11	5	2	1.00
12	5	2	1.00
13	5	2	1.00
14	5	2	1.00
15	5	2	1.00
16	5	2	1.00
17	5	2	1.00
18	5	2	1.00
19	5	2	1.00
20	5	2	1.00
21	5	2	1.00
22	5	2	1.00
23	5	2	1.00
24	5	2	1.00
25	5	2	1.00
26	5	2	1.00
27	5	2	1.00
28	5	2	1.00
29	5	2	1.00
30	5	2	1.00
31	5	2	1.00
1	6	2	1.00
2	6	2	1.00
3	6	2	1.00
4	6	2	1.00
5	6	2	1.00
6	6	2	1.00
7	6	2	1.00
8	6	2	1.00
9	6	2	1.00
10	6	2	1.00
11	6	2	1.00
12	6	2	1.00
13	6	2	1.00
14	6	2	1.00
15	6	2	1.00
16	6	2	1.00
17	6	2	1.00
18	6	2	1.00
19	6	2	1.00
20	6	2	1.00
21	6	2	1.00
22	6	2	1.00
23	6	2	1.00
24	6	2	1.00
25	6	2	1.00
26	6	2	1.00
27	6	2	1.00
28	6	2	1.00
29	6	2	1.00
30	6	2	1.00
1	7	2	1.00
2	7	2	1.00
3	7	2	1.00
4	7	2	1.00
5	7	2	1.00
6	7	2	1.00
7	7	2	1.00
8	7	2	1.00
9	7	2	1.00
10	7	2	1.00
11	7	2	1.00
12	7	2	1.00
13	7	2	1.00
14	7	2	1.00
15	7	2	1.00
16	7	2	1.00
17	7	2	1.00
18	7	2	1.00
19	7	2	1.00
20	7	2	1.00
21	7	2	1.00
22	7	2	1.00
23	7	2	1.00
24	7	2	1.00
25	7	2	1.00
26	7	2	1.00
27	7	2	1.00
28	7	2	1.00
29	7	2	1.00
30	7	2	1.00
31	7	2	1.00
1	8	2	1.00
2	8	2	1.00
3	8	2	1.00
4	8	2	1.00
5	8	2	1.00
6	8	2	1.00
7	8	2	1.00
8	8	2	1.00
9	8	2	1.00
10	8	2	1.00
11	8	2	1.00
12	8	2	1.00
13	8	2	1.00
14	8	2	1.00
15	8	2	1.00
16	8	2	1.00
17	8	2	1.00
18	8	2	1.00
19	8	2	1.00
20	8	2	1.00
21	8	2	1.00
22	8	2	1.00
23	8	2	1.00
24	8	2	1.00
25	8	2	1.00
26	8	2	1.00
27	8	2	1.00
28	8	2	1.00
29	8	2	1.00
30	8	2	1.00
31	8	2	1.00
1	9	2	1.00
2	9	2	1.00
3	9	2	1.00
4	9	2	1.00
5	9	2	1.00
6	9	2	1.00
7	9	2	1.00
8	9	2	1.00
9	9	2	1.00
10	9	2	1.00
11	9	2	1.00
12	9	2	1.00
13	9	2	1.00
14	9	2	1.00
15	9	2	1.00
16	9	2	1.00
17	9	2	1.00
18	9	2	1.00
19	9	2	1.00
20	9	2	1.00
21	9	2	1.00
22	9	2	1.00
23	9	2	1.00
24	9	2	1.00
25	9	2	1.00
26	9	2	1.00
27	9	2	1.00
28	9	2	1.00
29	9	2	1.00
30	9	2	1.00
1	10	2	1.00
2	10	2	1.00
3	10	2	1.00
4	10	2	1.00
5	10	2	1.00
6	10	2	1.00
7	10	2	1.00
8	10	2	1.00
9	10	2	1.00
10	10	2	1.00
11	10	2	1.00
12	10	2	1.00
13	10	2	1.00
14	10	2	1.00
15	10	2	1.00
16	10	2	1.00
17	10	2	1.00
18	10	2	1.00
19	10	2	1.00
20	10	2	1.00
21	10	2	1.00
22	10	2	1.00
23	10	2	1.00
24	10	2	1.00
25	10	2	1.00
26	10	2	1.00
27	10	2	1.00
28	10	2	1.00
29	10	2	1.00
30	10	2	1.00
31	10	2	1.00
1	11	2	1.00
2	11	2	1.00
3	11	2	1.00
4	11	2	1.00
5	11	2	1.00
6	11	2	1.00
7	11	2	1.00
8	11	2	1.00
9	11	2	1.00
10	11	2	1.00
11	11	2	1.00
12	11	2	1.00
13	11	2	1.00
14	11	2	1.00
15	11	2	1.00
16	11	2	1.00
17	11	2	1.00
18	11	2	1.00
19	11	2	1.00
20	11	2	1.00
21	11	2	1.00
22	11	2	1.00
23	11	2	1.00
24	11	2	1.00
25	11	2	1.00
26	11	2	1.00
27	11	2	1.00
28	11	2	1.00
29	11	2	1.00
30	11	2	1.00
1	12	2	1.00
2	12	2	1.00
3	12	2	1.00
4	12	2	1.00
5	12	2	1.00
6	12	2	1.00
7	12	2	1.00
8	12	2	1.00
9	12	2	1.00
10	12	2	1.00
11	12	2	1.00
12	12	2	1.00
13	12	2	1.00
14	12	2	1.00
15	12	2	1.00
16	12	2	1.00
17	12	2	1.00
18	12	2	1.00
19	12	2	1.00
20	12	2	1.00
21	12	2	1.00
22	12	2	1.00
23	12	2	1.00
24	12	2	1.00
25	12	2	1.00
26	12	2	1.00
27	12	2	1.00
28	12	2	1.00
29	12	2	1.00
30	12	2	1.00
31	12	2	1.00
1	1	3	1.00
2	1	3	1.00
3	1	3	1.00
4	1	3	1.00
5	1	3	1.00
6	1	3	1.00
7	1	3	1.00
8	1	3	1.00
9	1	3	1.00
10	1	3	1.00
11	1	3	1.00
12	1	3	1.00
13	1	3	1.00
14	1	3	1.00
15	1	3	1.00
16	1	3	1.00
17	1	3	1.00
18	1	3	1.00
19	1	3	1.00
20	1	3	1.00
21	1	3	1.00
22	1	3	1.00
23	1	3	1.00
24	1	3	1.00
25	1	3	1.00
26	1	3	1.00
27	1	3	1.00
28	1	3	1.00
29	1	3	1.00
30	1	3	1.00
31	1	3	1.00
1	2	3	1.00
2	2	3	1.00
3	2	3	1.00
4	2	3	1.00
5	2	3	1.00
6	2	3	1.00
7	2	3	1.00
8	2	3	1.00
9	2	3	1.00
10	2	3	1.00
11	2	3	1.00
12	2	3	1.00
13	2	3	1.00
14	2	3	1.00
15	2	3	1.00
16	2	3	1.00
17	2	3	1.00
18	2	3	1.00
19	2	3	1.00
20	2	3	1.00
21	2	3	1.00
22	2	3	1.00
23	2	3	1.00
24	2	3	1.00
25	2	3	1.00
26	2	3	1.00
27	2	3	1.00
28	2	3	1.00
1	3	3	1.00
2	3	3	1.00
3	3	3	1.00
4	3	3	1.00
5	3	3	1.00
6	3	3	1.00
7	3	3	1.00
8	3	3	1.00
9	3	3	1.00
10	3	3	1.00
11	3	3	1.00
12	3	3	1.00
13	3	3	1.00
14	3	3	1.00
15	3	3	1.00
16	3	3	1.00
17	3	3	1.00
18	3	3	1.00
19	3	3	1.00
20	3	3	1.00
21	3	3	1.00
22	3	3	1.00
23	3	3	1.00
24	3	3	1.00
25	3	3	1.00
26	3	3	1.00
27	3	3	1.00
28	3	3	1.00
29	3	3	1.00
30	3	3	1.00
31	3	3	1.00
1	4	3	1.00
2	4	3	1.00
3	4	3	1.00
4	4	3	1.00
5	4	3	1.00
6	4	3	1.00
7	4	3	1.00
8	4	3	1.00
9	4	3	1.00
10	4	3	1.00
11	4	3	1.00
12	4	3	1.00
13	4	3	1.00
14	4	3	1.00
15	4	3	1.00
16	4	3	1.00
17	4	3	1.00
18	4	3	1.00
19	4	3	1.00
20	4	3	1.00
21	4	3	1.00
22	4	3	1.00
23	4	3	1.00
24	4	3	1.00
25	4	3	1.00
26	4	3	1.00
27	4	3	1.00
28	4	3	1.00
29	4	3	1.00
30	4	3	1.00
1	5	3	1.00
2	5	3	1.00
3	5	3	1.00
4	5	3	1.00
5	5	3	1.00
6	5	3	1.00
7	5	3	1.00
8	5	3	1.00
9	5	3	1.00
10	5	3	1.00
11	5	3	1.00
12	5	3	1.00
13	5	3	1.00
14	5	3	1.00
15	5	3	1.00
16	5	3	1.00
17	5	3	1.00
18	5	3	1.00
19	5	3	1.00
20	5	3	1.00
21	5	3	1.00
22	5	3	1.00
23	5	3	1.00
24	5	3	1.00
25	5	3	1.00
26	5	3	1.00
27	5	3	1.00
28	5	3	1.00
29	5	3	1.00
30	5	3	1.00
31	5	3	1.00
1	6	3	1.00
2	6	3	1.00
3	6	3	1.00
4	6	3	1.00
5	6	3	1.00
6	6	3	1.00
7	6	3	1.00
8	6	3	1.00
9	6	3	1.00
10	6	3	1.00
11	6	3	1.00
12	6	3	1.00
13	6	3	1.00
14	6	3	1.00
15	6	3	1.00
16	6	3	1.00
17	6	3	1.00
18	6	3	1.00
19	6	3	1.00
20	6	3	1.00
21	6	3	1.00
22	6	3	1.00
23	6	3	1.00
24	6	3	1.00
25	6	3	1.00
26	6	3	1.00
27	6	3	1.00
28	6	3	1.00
29	6	3	1.00
30	6	3	1.00
1	7	3	1.00
2	7	3	1.00
3	7	3	1.00
4	7	3	1.00
5	7	3	1.00
6	7	3	1.00
7	7	3	1.00
8	7	3	1.00
9	7	3	1.00
10	7	3	1.00
11	7	3	1.00
12	7	3	1.00
13	7	3	1.00
14	7	3	1.00
15	7	3	1.00
16	7	3	1.00
17	7	3	1.00
18	7	3	1.00
19	7	3	1.00
20	7	3	1.00
21	7	3	1.00
22	7	3	1.00
23	7	3	1.00
24	7	3	1.00
25	7	3	1.00
26	7	3	1.00
27	7	3	1.00
28	7	3	1.00
29	7	3	1.00
30	7	3	1.00
31	7	3	1.00
1	8	3	1.00
2	8	3	1.00
3	8	3	1.00
4	8	3	1.00
5	8	3	1.00
6	8	3	1.00
7	8	3	1.00
8	8	3	1.00
9	8	3	1.00
10	8	3	1.00
11	8	3	1.00
12	8	3	1.00
13	8	3	1.00
14	8	3	1.00
15	8	3	1.00
16	8	3	1.00
17	8	3	1.00
18	8	3	1.00
19	8	3	1.00
20	8	3	1.00
21	8	3	1.00
22	8	3	1.00
23	8	3	1.00
24	8	3	1.00
25	8	3	1.00
26	8	3	1.00
27	8	3	1.00
28	8	3	1.00
29	8	3	1.00
30	8	3	1.00
31	8	3	1.00
1	9	3	1.00
2	9	3	1.00
3	9	3	1.00
4	9	3	1.00
5	9	3	1.00
6	9	3	1.00
7	9	3	1.00
8	9	3	1.00
9	9	3	1.00
10	9	3	1.00
11	9	3	1.00
12	9	3	1.00
13	9	3	1.00
14	9	3	1.00
15	9	3	1.00
16	9	3	1.00
17	9	3	1.00
18	9	3	1.00
19	9	3	1.00
20	9	3	1.00
21	9	3	1.00
22	9	3	1.00
23	9	3	1.00
24	9	3	1.00
25	9	3	1.00
26	9	3	1.00
27	9	3	1.00
28	9	3	1.00
29	9	3	1.00
30	9	3	1.00
1	10	3	1.00
2	10	3	1.00
3	10	3	1.00
4	10	3	1.00
5	10	3	1.00
6	10	3	1.00
7	10	3	1.00
8	10	3	1.00
9	10	3	1.00
10	10	3	1.00
11	10	3	1.00
12	10	3	1.00
13	10	3	1.00
14	10	3	1.00
15	10	3	1.00
16	10	3	1.00
17	10	3	1.00
18	10	3	1.00
19	10	3	1.00
20	10	3	1.00
21	10	3	1.00
22	10	3	1.00
23	10	3	1.00
24	10	3	1.00
25	10	3	1.00
26	10	3	1.00
27	10	3	1.00
28	10	3	1.00
29	10	3	1.00
30	10	3	1.00
31	10	3	1.00
1	11	3	1.00
2	11	3	1.00
3	11	3	1.00
4	11	3	1.00
5	11	3	1.00
6	11	3	1.00
7	11	3	1.00
8	11	3	1.00
9	11	3	1.00
10	11	3	1.00
11	11	3	1.00
12	11	3	1.00
13	11	3	1.00
14	11	3	1.00
15	11	3	1.00
16	11	3	1.00
17	11	3	1.00
18	11	3	1.00
19	11	3	1.00
20	11	3	1.00
21	11	3	1.00
22	11	3	1.00
23	11	3	1.00
24	11	3	1.00
25	11	3	1.00
26	11	3	1.00
27	11	3	1.00
28	11	3	1.00
29	11	3	1.00
30	11	3	1.00
1	12	3	1.00
2	12	3	1.00
3	12	3	1.00
4	12	3	1.00
5	12	3	1.00
6	12	3	1.00
7	12	3	1.00
8	12	3	1.00
9	12	3	1.00
10	12	3	1.00
11	12	3	1.00
12	12	3	1.00
13	12	3	1.00
14	12	3	1.00
15	12	3	1.00
16	12	3	1.00
17	12	3	1.00
18	12	3	1.00
19	12	3	1.00
20	12	3	1.00
21	12	3	1.00
22	12	3	1.00
23	12	3	1.00
24	12	3	1.00
25	12	3	1.00
26	12	3	1.00
27	12	3	1.00
28	12	3	1.00
29	12	3	1.00
30	12	3	1.00
31	12	3	1.00
